-0.7265227	0.9992215	0.2137839	-0.7701018	-0.30764014	-0.4484905	-0.5014166	1.1564465	-0.1476986	-0.43449154	0.26714212	2.5706491	2.5050302	-0.27117467	-1.0931407	-0.8210662	-0.7483553	-0.51200265	0.5849123	0.44639626	-0.45694062	-0.41796908	-0.30764827	0.032208238	-0.99619323	-0.28648847	0.60246104	0.71894073	-0.1591509	-0.35820916	0.4069004	0.38516662
-0.7406241	0.80765265	0.22104737	-0.8143396	-0.19271757	-0.40199268	-0.3978073	1.0579163	-0.19412011	-0.41662848	0.358553	2.7665117	2.4619596	-0.30007854	-1.1080849	-0.9394916	-0.7844263	-0.43303338	0.6764686	0.41730553	-0.45550573	-0.30169836	-0.32220432	-0.014142139	-0.9037657	-0.30023962	0.5368906	0.66707164	-0.26705673	-0.3657856	0.4067513	0.35550213
-0.6315895	0.35590073	0.19082062	-0.86989635	-0.09883519	-0.47322404	-0.41031682	0.83960897	-0.28247312	-0.3749946	0.6850727	2.8042338	2.446938	-0.33215907	-1.0985347	-0.94237596	-0.8107347	-0.3668694	0.89572597	0.3505601	-0.43992433	-0.27090773	-0.35999322	0.1529733	-0.9505279	-0.2897498	0.62821597	0.6783946	-0.4025865	-0.21760292	0.289794	0.3422074
-0.6917681	0.7069641	0.20702702	-0.82189786	-0.21212977	-0.46463606	-0.44563636	0.997614	-0.24008594	-0.40999988	0.47428772	2.6914067	2.492197	-0.30251572	-1.0901212	-0.8846512	-0.78162205	-0.455795	0.73850507	0.3980693	-0.4477727	-0.3554086	-0.3386291	0.08769494	-0.9972266	-0.2887511	0.6423344	0.7129263	-0.27199763	-0.27451077	0.34736186	0.3625114
-0.78925997	1.3174459	0.23462765	-0.7225392	-0.25047544	-0.30738348	-0.2658585	1.0981836	-0.14620507	-0.5128891	-0.038992036	2.795316	2.3665066	-0.2656465	-1.062043	-0.911782	-0.6602467	-0.5161678	0.45990822	0.45849076	-0.46533358	-0.39045873	-0.29623586	-0.21623941	-0.8785625	-0.3017157	0.48843303	0.6220416	-0.07782681	-0.52004606	0.5151335	0.3242126
-0.7951116	1.4560411	0.23628077	-0.69104016	-0.3362755	-0.36133736	-0.37062854	1.1370832	-0.24577585	-0.46221775	-0.06481259	2.5765047	2.4283342	-0.24167669	-1.0493082	-0.8179065	-0.67427254	-0.54961556	0.4092593	0.4487341	-0.46009076	-0.44353923	-0.280942	-0.17786935	-0.9482557	-0.31193787	0.54486495	0.6967643	0.013218531	-0.4523999	0.51991266	0.35640576
-0.82508904	1.5039064	0.26126856	-0.66079193	-0.29059437	-0.30981565	-0.33234003	1.1468697	-0.29181963	-0.4703558	-0.098915614	2.5902977	2.4434235	-0.24488242	-1.0634787	-0.87267995	-0.674827	-0.5278228	0.34366468	0.4558274	-0.47272506	-0.4015177	-0.27820852	-0.2484983	-0.8577587	-0.33993766	0.46794394	0.64238626	0.058124635	-0.47627026	0.5581006	0.3284149
-0.95045525	1.4034005	0.38430256	-0.5730389	-0.12040405	-0.2232046	-0.37206724	1.0833579	-0.7065317	-0.29531	-0.0025394375	2.401032	2.6559072	-0.23698667	-1.1730654	-0.9998164	-0.718477	-0.4119714	0.12854731	0.40434468	-0.53037727	-0.20553525	-0.2299812	-0.3808137	-0.49229366	-0.4650638	0.12922686	0.54838777	0.26331785	-0.41860616	0.69530153	0.29072505
-0.77615917	1.0426036	0.23264673	-0.7716993	-0.2995131	-0.46742162	-0.54086363	1.11924	-0.33305028	-0.37797052	0.31141463	2.4362726	2.591156	-0.26737145	-1.0927906	-0.7993908	-0.7758345	-0.49246895	0.511622	0.43090457	-0.44640985	-0.4215409	-0.3053288	0.02000726	-1.0036569	-0.3120126	0.62718505	0.7473668	-0.02785477	-0.27264974	0.40678695	0.38193804
-0.7302915	1.1887693	0.20662451	-0.75543064	-0.28196782	-0.37953347	-0.3143653	1.0470034	-0.14785305	-0.48435417	0.07614371	2.7755747	2.380434	-0.27063975	-1.0475707	-0.86568975	-0.69409066	-0.52823764	0.58984494	0.43168026	-0.4534864	-0.41868225	-0.30937293	-0.0998118	-0.97523874	-0.28374964	0.5873026	0.6882665	-0.1729403	-0.45485428	0.45754245	0.3521773
-0.75217867	1.3003614	0.21328695	-0.73241305	-0.3256447	-0.39437187	-0.36134386	1.0885891	-0.19593652	-0.46695796	0.042053536	2.6589396	2.4169943	-0.25462624	-1.0416573	-0.8251824	-0.6924699	-0.54657704	0.52010965	0.43346322	-0.45176202	-0.44492528	-0.30229777	-0.101950064	-0.99984616	-0.2904201	0.60100967	0.7145849	-0.09058094	-0.4266563	0.46329826	0.35882217
-0.80098367	1.2427144	0.23449244	-0.72781235	-0.37796506	-0.4598492	-0.63761693	1.3571275	-0.09630754	-0.44421276	0.15370165	2.2217922	2.6127064	-0.23069732	-1.0984746	-0.71714383	-0.73388636	-0.5449715	0.29952163	0.5099583	-0.44715765	-0.49711746	-0.2872357	-0.012373673	-0.9996048	-0.28330952	0.58409685	0.6971756	0.13843764	-0.34040645	0.40498382	0.39832658
-0.6270574	0.5000341	0.18291184	-0.8719078	-0.0859903	-0.42985824	-0.3569895	0.82350373	-0.14982955	-0.4094367	0.5088885	2.9648037	2.428814	-0.31904918	-1.0965204	-0.92472214	-0.749507	-0.37482205	0.83129036	0.37775698	-0.4456002	-0.31198445	-0.34122512	0.070493214	-0.8986154	-0.2940032	0.5246132	0.64645696	-0.39426845	-0.36604056	0.31060943	0.35318884
-0.6198967	0.50083494	0.17844227	-0.86773795	-0.06092921	-0.42268953	-0.3267355	0.8095627	-0.16274396	-0.41841343	0.5429659	2.9819725	2.4323766	-0.3223729	-1.0886657	-0.9544011	-0.7626159	-0.36631167	0.8321383	0.36920798	-0.44315296	-0.29472783	-0.35876685	0.06228217	-0.8872982	-0.2959369	0.53356653	0.6245675	-0.40333986	-0.34786525	0.287439	0.32811505
-0.8164698	1.335971	0.2578363	-0.7056969	-0.2748891	-0.34640518	-0.39275554	1.1288725	-0.30898237	-0.42089847	0.031885896	2.601697	2.488439	-0.2551498	-1.0866978	-0.8746311	-0.71137327	-0.49984455	0.41979593	0.44054824	-0.4708369	-0.3781829	-0.28202325	-0.18091477	-0.8644471	-0.34414592	0.47040388	0.66757727	-0.009096959	-0.43490934	0.5299497	0.3518538
-0.7654632	1.1443151	0.22991563	-0.73374325	-0.34392136	-0.42939278	-0.52193636	1.2575164	-0.1111773	-0.45036528	0.15607314	2.4818618	2.5092587	-0.2584994	-1.0975966	-0.811833	-0.74625975	-0.52876675	0.4836612	0.4700988	-0.45969695	-0.4238896	-0.29266146	-0.025677469	-0.97557545	-0.28423598	0.57824785	0.7064646	-0.075195804	-0.38350242	0.44301027	0.3845583
-0.62829494	0.22571363	0.18642986	-0.90708536	-0.06654696	-0.47878337	-0.40438336	0.7759821	-0.31239727	-0.30735442	0.74873555	2.8355627	2.4316165	-0.32987887	-1.1098117	-0.9431236	-0.8197463	-0.31408527	0.93666875	0.3250054	-0.43431413	-0.2254627	-0.35206407	0.15177797	-0.92059284	-0.3017047	0.5702332	0.68528986	-0.453386	-0.18575269	0.268564	0.36233154
-0.7589778	1.1123759	0.22838807	-0.76254624	-0.29372114	-0.43410212	-0.44750926	1.0501099	-0.3097412	-0.3789988	0.20269625	2.6013746	2.509726	-0.26552144	-1.0876399	-0.82199895	-0.74263895	-0.49510852	0.57305855	0.41319737	-0.45653003	-0.40148553	-0.29725555	-0.038456026	-0.9778475	-0.32214344	0.5675802	0.741158	-0.114221275	-0.34024638	0.44717467	0.385936
-0.7351886	0.87626404	0.21956818	-0.8016327	-0.2647424	-0.45247984	-0.51495576	1.1049604	-0.2123149	-0.38053605	0.34017396	2.6006937	2.5369797	-0.2788743	-1.1139832	-0.83721066	-0.7708648	-0.46372247	0.6153587	0.43304214	-0.45640212	-0.37558794	-0.30317566	0.038365204	-0.95479476	-0.30896565	0.5479718	0.71610105	-0.18648729	-0.3276838	0.40606424	0.40003118
-0.78182	1.5538849	0.21227013	-0.6757582	-0.3376493	-0.30231202	-0.2636416	1.174406	-0.029421369	-0.5608195	-0.2099347	2.6922462	2.2930439	-0.24001396	-1.0196067	-0.84761155	-0.6173064	-0.58125	0.37199777	0.48255563	-0.45311433	-0.46658698	-0.2853213	-0.25157285	-0.9481231	-0.26459774	0.5419869	0.63316774	-0.0017229108	-0.5555415	0.5231816	0.32724348
-0.69669515	0.48537973	0.20323475	-0.865184	-0.13695505	-0.4620756	-0.41420302	0.88712907	-0.35699093	-0.32732114	0.6164749	2.755459	2.4506836	-0.32144725	-1.098537	-0.9540648	-0.83310705	-0.3708278	0.85798186	0.3487276	-0.43940935	-0.24680623	-0.34731257	0.08604865	-0.9411677	-0.30909353	0.6023128	0.700246	-0.3646033	-0.20439592	0.35220706	0.36499095
-0.83623976	1.9417336	0.22320189	-0.5698451	-0.4051295	-0.1986436	-0.096909806	1.224816	-0.030876879	-0.6495221	-0.4846383	2.5590186	2.093887	-0.2092168	-0.9577493	-0.82766414	-0.50156736	-0.644719	0.15958455	0.51433647	-0.44921887	-0.5120465	-0.24678954	-0.43787372	-0.9554223	-0.23269722	0.5431549	0.5903047	0.17973608	-0.637132	0.61207485	0.282034
-0.8307039	1.4258198	0.2655224	-0.68398726	-0.27475652	-0.33747035	-0.36265025	1.0927131	-0.38861868	-0.41985828	-0.0239093	2.579453	2.4881	-0.24803297	-1.0734435	-0.86192816	-0.6892109	-0.50813615	0.37661448	0.4342863	-0.47128475	-0.39215758	-0.27601156	-0.22178467	-0.8637479	-0.35827047	0.47155994	0.6724716	0.053757634	-0.4318405	0.55161995	0.34697217
-0.65776646	0.570712	0.19346629	-0.8588877	-0.12904331	-0.43788114	-0.40906298	0.92312235	-0.15852082	-0.40069565	0.5120776	2.855056	2.4724157	-0.31110924	-1.1031519	-0.9240423	-0.7719029	-0.3926362	0.7795338	0.39041457	-0.4485482	-0.311268	-0.34355	0.06529023	-0.9088365	-0.29593155	0.54532856	0.6539267	-0.35648537	-0.3309675	0.32134312	0.3558043
-0.78555864	0.98639184	0.24598162	-0.76779205	-0.2910697	-0.44114006	-0.56683046	1.2182752	-0.23470934	-0.36053163	0.29755554	2.4645953	2.5750396	-0.27074993	-1.131966	-0.84452575	-0.8035705	-0.46488488	0.51855236	0.4439074	-0.46162707	-0.35686606	-0.28778237	-0.0014245973	-0.91338545	-0.32180834	0.51645726	0.7070283	-0.1057417	-0.31494045	0.44264683	0.39966404
-0.6770622	0.6987251	0.20080702	-0.8234391	-0.21673977	-0.46258497	-0.48326856	1.0249469	-0.1669894	-0.4037173	0.4585921	2.70671	2.5053508	-0.29816645	-1.1060095	-0.8716901	-0.7723406	-0.44491678	0.7190994	0.4105529	-0.45295316	-0.35723704	-0.33194828	0.09824488	-0.9671757	-0.29044673	0.589934	0.69398594	-0.28322592	-0.3092297	0.34643435	0.37332126
-0.82308686	0.67081976	0.23226878	-0.8833449	-0.18123114	-0.5099583	-0.6243003	0.9787657	-0.48763862	-0.14191774	0.6189475	2.4348028	2.654819	-0.27397767	-1.1174471	-0.8510005	-0.8734483	-0.33766782	0.5994916	0.3612884	-0.41975838	-0.3054915	-0.3067605	0.015993034	-0.91078633	-0.3660818	0.5069156	0.73441476	-0.1106146	-0.087444976	0.35520473	0.4426418
-0.7217252	0.87546813	0.20991929	-0.81006205	-0.18028663	-0.39672917	-0.31675035	0.92775273	-0.29429987	-0.39958605	0.3270305	2.8350978	2.4449997	-0.29761127	-1.0783676	-0.9356998	-0.7652764	-0.43650416	0.71577686	0.38508335	-0.45258275	-0.31563863	-0.3312224	-0.044205464	-0.92232144	-0.31910735	0.5566536	0.6818054	-0.27738917	-0.35409424	0.41350427	0.34555992
-0.8647376	1.4859123	0.2994108	-0.638733	-0.26316905	-0.30607972	-0.40193674	1.1638587	-0.41797733	-0.41081145	-0.06922442	2.4785473	2.5214367	-0.24274747	-1.1060008	-0.8744234	-0.69503117	-0.50104207	0.2812911	0.44974002	-0.48897	-0.36410347	-0.2536752	-0.26219788	-0.7777604	-0.38055488	0.38805354	0.64238924	0.13202722	-0.45070788	0.60278034	0.33962816
-0.80835193	1.3116797	0.25113577	-0.716743	-0.25227413	-0.3270138	-0.34307262	1.0901133	-0.30058798	-0.4269392	0.031032864	2.675331	2.4674091	-0.2597371	-1.0848722	-0.89973634	-0.70645684	-0.48946175	0.45265433	0.43677375	-0.47234398	-0.36375323	-0.28891894	-0.19964088	-0.8468192	-0.34666952	0.45581532	0.6494619	-0.04871417	-0.45212305	0.5332266	0.344838
-0.7407742	1.1532444	0.21388857	-0.7620294	-0.25568053	-0.3752902	-0.2842449	1.0034994	-0.22988114	-0.47732407	0.123321615	2.8163571	2.3858364	-0.27855942	-1.0456983	-0.8922761	-0.7006252	-0.50787836	0.5909076	0.41679963	-0.4506514	-0.39304718	-0.31617483	-0.10116337	-0.9647953	-0.29412514	0.5890144	0.6864001	-0.16683763	-0.4345065	0.45054206	0.3335961
-0.8814094	1.3698143	0.30669338	-0.66503775	-0.20541704	-0.2899266	-0.3677068	1.1125638	-0.48082766	-0.37464118	0.026912086	2.5523622	2.5504856	-0.25495362	-1.1172035	-0.94334966	-0.72582036	-0.45447087	0.32126707	0.42879733	-0.49114174	-0.30130678	-0.2675352	-0.27576107	-0.7217194	-0.3989084	0.34413674	0.6185695	0.08510235	-0.4279868	0.5972756	0.3259965
-0.7796386	1.177138	0.22638543	-0.7576399	-0.3313725	-0.45933378	-0.5423091	1.1468734	-0.2581374	-0.40842932	0.20202948	2.431776	2.55332	-0.25098965	-1.0759333	-0.7561422	-0.72292894	-0.5303756	0.46082857	0.4499201	-0.44757068	-0.47519165	-0.2960415	-0.021213869	-1.0217162	-0.2994482	0.62021	0.74460346	0.028317962	-0.33949533	0.42846438	0.39463103
-0.73631686	0.68342763	0.21242501	-0.87033457	-0.14032677	-0.43504044	-0.48443994	0.9970694	-0.20372804	-0.34092733	0.46467954	2.7196584	2.5712566	-0.28657517	-1.1248366	-0.89145714	-0.78472	-0.3820825	0.6591661	0.4173148	-0.44618934	-0.3253951	-0.32103378	0.009397717	-0.88808644	-0.3262609	0.4685742	0.65619373	-0.235451	-0.31476417	0.34746736	0.39867473
-0.8051305	1.0466233	0.25122246	-0.7593058	-0.2732788	-0.42965966	-0.527378	1.1530577	-0.3368056	-0.3514698	0.25869447	2.4893155	2.5572891	-0.27271575	-1.1214722	-0.8545873	-0.79353744	-0.4645382	0.5220794	0.4351196	-0.46049786	-0.35572374	-0.28472534	-0.0422712	-0.91025364	-0.33715194	0.51920295	0.71578616	-0.069715075	-0.32152736	0.4812893	0.39708582
-0.68338585	0.67022616	0.20265368	-0.8350498	-0.19637476	-0.45513347	-0.462886	0.99748015	-0.20452121	-0.378578	0.469545	2.7275913	2.499808	-0.30004	-1.1121753	-0.8849211	-0.78444314	-0.42493168	0.744409	0.39817154	-0.45395914	-0.33042264	-0.32465702	0.088130824	-0.94645816	-0.30190298	0.55846786	0.7015959	-0.31019258	-0.31150106	0.35623956	0.3789971
-0.76506054	1.0589793	0.23445189	-0.74680173	-0.33916	-0.44306242	-0.55688906	1.2731091	-0.11804037	-0.43485153	0.234421	2.455726	2.5298827	-0.2648714	-1.1180779	-0.81405926	-0.76428324	-0.51283896	0.49579883	0.47047833	-0.46138158	-0.4068543	-0.29008728	0.020018961	-0.971569	-0.28500682	0.5738523	0.7130557	-0.094234884	-0.35951725	0.4247575	0.38659242
-0.75347656	1.1421722	0.21814473	-0.75521725	-0.253213	-0.3617866	-0.38720268	1.1665975	-0.033019044	-0.5043169	0.11562262	2.7273777	2.4482083	-0.27106884	-1.0811151	-0.89479524	-0.7106717	-0.5060895	0.50195485	0.46996528	-0.4587564	-0.39594123	-0.31262344	-0.10752599	-0.91415536	-0.28272492	0.52060467	0.62841105	-0.13067652	-0.46717077	0.429392	0.34328043
-0.79887706	1.4818013	0.22481866	-0.6426704	-0.40482286	-0.3468512	-0.42520884	1.3731042	0.07329003	-0.5788665	-0.17529786	2.4578104	2.3229513	-0.24038807	-1.0620857	-0.8018053	-0.6623193	-0.6040951	0.3418234	0.5266972	-0.45770726	-0.47919592	-0.25765026	-0.15999398	-0.99289966	-0.22917867	0.5932947	0.6726995	0.030118015	-0.54090035	0.5283227	0.3561412
-0.8310619	1.552685	0.26835442	-0.6373974	-0.33306274	-0.3217949	-0.39568138	1.217859	-0.2663203	-0.47108242	-0.14381324	2.4819193	2.4377713	-0.23682919	-1.0741792	-0.83030033	-0.6711775	-0.54855275	0.30535462	0.47169268	-0.47586912	-0.42364484	-0.25821635	-0.23448053	-0.8695454	-0.33132926	0.47669983	0.6604172	0.09702712	-0.4827312	0.5825715	0.3467652
-0.5882536	0.124689035	0.18056569	-0.9077363	-0.047216836	-0.49876115	-0.42503315	0.7174414	-0.3385506	-0.29971617	0.8245263	2.8134427	2.4292407	-0.33826283	-1.1093239	-0.9276438	-0.81679565	-0.30373034	0.9778652	0.31346643	-0.43348312	-0.23602639	-0.3578693	0.20475568	-0.9303317	-0.30072108	0.5965137	0.6854687	-0.46835244	-0.14914468	0.2470718	0.35859427
-0.6961118	0.85983306	0.20022516	-0.8166216	-0.17882645	-0.40303284	-0.35521728	0.95979744	-0.16622032	-0.4340035	0.31594172	2.8676908	2.4499009	-0.2927589	-1.0800779	-0.9087534	-0.7334905	-0.4471511	0.68382376	0.40583473	-0.45147556	-0.3536698	-0.33057106	-0.020508507	-0.92408204	-0.3003629	0.53648907	0.6622235	-0.2753321	-0.3984291	0.37837458	0.349944
-0.6535695	0.17465448	0.18458936	-0.92443126	-0.07659946	-0.5033107	-0.4740653	0.7802867	-0.38264313	-0.2324481	0.8378572	2.7250762	2.4601357	-0.3259422	-1.1150452	-0.9355621	-0.8570149	-0.2793129	0.9343914	0.31222802	-0.42297837	-0.20519271	-0.35197604	0.17474549	-0.9287436	-0.3125176	0.5677832	0.7007949	-0.43337378	-0.09453699	0.2606213	0.3819544
-0.6827446	0.5402508	0.20464696	-0.8732128	-0.16335313	-0.48823866	-0.51765984	0.9427505	-0.26241273	-0.32438612	0.5870667	2.6675959	2.5644987	-0.2971122	-1.12096	-0.85437846	-0.79444224	-0.38607544	0.742357	0.39027855	-0.4428211	-0.3403624	-0.32827687	0.12525254	-0.96236223	-0.31068093	0.560704	0.71134037	-0.28654376	-0.23171571	0.29880607	0.3970256
-0.77891004	1.2267647	0.22706899	-0.7479085	-0.26967496	-0.38972193	-0.38151154	1.0328201	-0.31448993	-0.4311153	0.123511784	2.653696	2.4866183	-0.26666296	-1.0636207	-0.8466302	-0.70980716	-0.5040295	0.49709132	0.43060923	-0.45165583	-0.41566426	-0.30107895	-0.10632678	-0.9581317	-0.3178117	0.5688822	0.7073114	-0.039728288	-0.40685746	0.46879137	0.350396
-0.75735164	1.252036	0.21361409	-0.7451509	-0.2808137	-0.355435	-0.34103227	1.1414543	-0.049252603	-0.52719706	0.02669125	2.74657	2.396233	-0.26247746	-1.0530925	-0.8684693	-0.6711987	-0.53461766	0.47298327	0.46824893	-0.45205465	-0.4332914	-0.30718535	-0.13076554	-0.9507908	-0.27261788	0.5495247	0.64532435	-0.090567715	-0.49244577	0.44643807	0.3404583
-0.7499722	1.1757413	0.22059457	-0.7435132	-0.3377484	-0.42763317	-0.43526065	1.1207199	-0.2160336	-0.44961226	0.11930986	2.5857291	2.441539	-0.26509482	-1.078176	-0.8070229	-0.71983504	-0.53658366	0.5586568	0.44864064	-0.45656985	-0.4336785	-0.29007545	-0.032225184	-1.011171	-0.28749362	0.6115531	0.737171	-0.10444727	-0.39575267	0.4706108	0.38532004
-0.7204799	1.100191	0.20674814	-0.77239615	-0.2768597	-0.40910816	-0.3603905	1.0227492	-0.19657403	-0.4494625	0.17029376	2.7538717	2.4254649	-0.27319583	-1.0573558	-0.8519777	-0.7103914	-0.51191	0.61482686	0.41543138	-0.4520737	-0.41210333	-0.31316406	-0.043740377	-0.9885405	-0.2920658	0.5945556	0.71175295	-0.18781437	-0.4086354	0.42731434	0.35870332
-0.75114113	1.0839093	0.22467175	-0.7623427	-0.2890586	-0.41739485	-0.47838762	1.1192065	-0.20596457	-0.40650174	0.21106479	2.6109178	2.5255768	-0.26761433	-1.0992492	-0.8401318	-0.74571615	-0.48371342	0.5364351	0.44035932	-0.4585297	-0.3954913	-0.29974994	-0.03380244	-0.9370811	-0.31408775	0.53500724	0.69610125	-0.11941465	-0.3785467	0.4355744	0.37706545
-0.8296957	1.7790135	0.24856327	-0.56782323	-0.41135338	-0.31104276	-0.39898068	1.3026874	-0.16979781	-0.5313931	-0.29426253	2.3719695	2.3470707	-0.21299143	-1.0191722	-0.7809193	-0.6273932	-0.6024435	0.18985033	0.4939398	-0.46182925	-0.4836699	-0.2538427	-0.27377442	-0.9240073	-0.2888276	0.5379952	0.6529554	0.19818269	-0.516127	0.59001577	0.32608834
-0.96152794	1.0002811	0.26937404	-0.81873095	-0.07964813	-0.3192999	-0.4145213	0.9434673	-0.6310879	-0.042936485	0.3810759	2.5761538	2.6861928	-0.23575383	-1.1140145	-1.0686677	-0.8757629	-0.25184047	0.4171679	0.3257477	-0.44613525	-0.107044175	-0.30618715	-0.32745862	-0.57077956	-0.45068547	0.14102684	0.57849574	-0.05644727	-0.20515516	0.5080331	0.38991994
-0.7948457	1.4255801	0.24089138	-0.6871821	-0.34503227	-0.38142425	-0.43799815	1.1660292	-0.2472049	-0.4348484	-0.028526505	2.5246513	2.4770904	-0.23778987	-1.0717864	-0.79613507	-0.6880081	-0.53891903	0.38681898	0.45395947	-0.4627244	-0.44103795	-0.27530038	-0.14734223	-0.9373389	-0.32184628	0.5179448	0.6998824	0.026831299	-0.4256774	0.5078161	0.36974528
-0.64550745	0.4620885	0.1884396	-0.86674994	-0.079963714	-0.44327763	-0.38225275	0.8553311	-0.19437653	-0.39157724	0.59771824	2.8885148	2.4573076	-0.3211634	-1.0962354	-0.9502373	-0.78739345	-0.36557597	0.8279797	0.36657447	-0.44188336	-0.28754744	-0.35735565	0.07635088	-0.90646344	-0.2980918	0.5684468	0.6444394	-0.38838235	-0.29291555	0.29151505	0.33972406
-0.7162566	0.8430924	0.21237244	-0.79041725	-0.27372053	-0.44719523	-0.50110346	1.1827402	-0.06452343	-0.46084872	0.35574108	2.6038396	2.4910276	-0.28916916	-1.1077138	-0.8690872	-0.7732891	-0.4932363	0.63669556	0.45073006	-0.45702097	-0.37589192	-0.3217506	0.07114489	-0.9836432	-0.26485944	0.6057374	0.69496566	-0.22258514	-0.35307503	0.374652	0.37086323
-0.7173707	0.64936006	0.21077086	-0.8651765	-0.15116078	-0.45857212	-0.48537868	0.960918	-0.25962958	-0.34012994	0.51396745	2.7008147	2.5587869	-0.29179543	-1.1144531	-0.87687016	-0.78636783	-0.39388707	0.6967412	0.39739445	-0.4435159	-0.3394239	-0.32527414	0.05316477	-0.9352685	-0.31857258	0.5354495	0.69065017	-0.2509002	-0.27672285	0.3315959	0.39234772
-0.62833345	0.5112399	0.186236	-0.8718338	-0.097888954	-0.44396356	-0.3517492	0.7853129	-0.25525403	-0.3773536	0.548579	2.9243915	2.448156	-0.3171225	-1.0902506	-0.9145754	-0.7601791	-0.376212	0.8391773	0.35580447	-0.44243667	-0.31002605	-0.34534755	0.09031907	-0.93309	-0.30297428	0.56132424	0.678634	-0.38649935	-0.3093292	0.3010253	0.34647194
-0.68797874	0.71174747	0.20218351	-0.83597755	-0.1662908	-0.43628755	-0.37266892	0.8925169	-0.29707298	-0.37459946	0.45441332	2.8234208	2.4657454	-0.30480468	-1.0881443	-0.91692036	-0.7765559	-0.41295734	0.76896435	0.36915177	-0.44748536	-0.3121862	-0.33695686	0.04229157	-0.9464505	-0.31255436	0.5740813	0.69950044	-0.31687492	-0.3023156	0.35902882	0.35240656
-0.61616886	0.14976344	0.18052295	-0.9133207	-0.030744327	-0.471013	-0.32767317	0.6914112	-0.38434532	-0.30439413	0.78307146	2.8825147	2.3572698	-0.3446005	-1.1024595	-0.98106486	-0.83400047	-0.2906864	1.022801	0.2978553	-0.4304137	-0.17299113	-0.35956544	0.15511698	-0.91433215	-0.30094373	0.5851711	0.6838172	-0.5008269	-0.16903603	0.28101867	0.3456385
-0.7055421	1.0639215	0.20186481	-0.7763589	-0.25429967	-0.39125308	-0.2949515	0.9750713	-0.19299223	-0.46209058	0.15968816	2.8461754	2.3755498	-0.2843044	-1.054055	-0.8856117	-0.71052766	-0.5014123	0.6677974	0.40827084	-0.45358363	-0.38431072	-0.3159046	-0.059786763	-0.9686316	-0.28969228	0.5818868	0.6967539	-0.24417467	-0.43088993	0.44079724	0.34780145
-0.73553973	0.9857562	0.2154574	-0.7730062	-0.27721244	-0.43825835	-0.48686108	1.1399229	-0.14583471	-0.44567257	0.29074532	2.5967832	2.5146804	-0.27930996	-1.0942951	-0.85152507	-0.75847036	-0.4961386	0.5792385	0.44609296	-0.45377445	-0.40071505	-0.31725988	0.018318165	-0.98381734	-0.28284675	0.59699154	0.70225525	-0.14686021	-0.3606111	0.39494923	0.36548796
-0.88193834	1.2451227	0.2889872	-0.71824634	-0.17427206	-0.31512156	-0.4048921	1.0768548	-0.46644914	-0.32138863	0.14230964	2.5850148	2.592965	-0.25626212	-1.1208601	-0.9535975	-0.75441486	-0.41984677	0.36673912	0.41353992	-0.4794983	-0.28214964	-0.28272822	-0.24714491	-0.72012705	-0.40309396	0.32619706	0.6158728	0.03980221	-0.38641846	0.55396706	0.3440411
-0.7757919	1.2358615	0.22587235	-0.751038	-0.21847469	-0.3307125	-0.24593642	0.9894038	-0.271017	-0.4610227	0.06925098	2.82858	2.4077523	-0.27104464	-1.0543432	-0.91629106	-0.6869595	-0.48870772	0.5317311	0.41855764	-0.45929167	-0.37337935	-0.30958602	-0.18367396	-0.8963452	-0.3241859	0.5073909	0.65235186	-0.12233249	-0.4640325	0.48381442	0.32561848
-0.79306835	1.6703802	0.22049744	-0.64834607	-0.37663773	-0.32483453	-0.29430223	1.1297091	-0.18848437	-0.50951487	-0.24842066	2.6027362	2.321957	-0.2218226	-1.0081407	-0.78779155	-0.6027807	-0.5849548	0.32957035	0.46214014	-0.4522973	-0.48635626	-0.27093095	-0.25715008	-0.96339697	-0.2943994	0.5427668	0.67444795	0.07007083	-0.51403373	0.54937387	0.3434133
-0.814311	1.4129615	0.24384847	-0.70466316	-0.28482875	-0.34330133	-0.34184483	1.1018542	-0.2739655	-0.4788369	-0.027623486	2.6187763	2.445431	-0.25271794	-1.0522445	-0.85199255	-0.670675	-0.53320897	0.39116833	0.4530286	-0.45801958	-0.4321039	-0.28899318	-0.20021135	-0.92777616	-0.31431648	0.5398653	0.67170334	0.04924833	-0.46284837	0.51341516	0.3362554
-0.760247	1.5909178	0.19901985	-0.68922126	-0.33171892	-0.31256664	-0.19420809	1.013274	-0.16568081	-0.51751137	-0.23611638	2.786816	2.274796	-0.23351166	-0.9920175	-0.8196055	-0.5892612	-0.5700131	0.41847128	0.4450418	-0.44480163	-0.47867176	-0.28573677	-0.26568863	-0.9650753	-0.28885397	0.53625274	0.65820175	-0.018902997	-0.5369276	0.52824295	0.33695126
-0.61056226	0.2863929	0.18882127	-0.88360584	-0.077415325	-0.46431723	-0.34057462	0.7565699	-0.30638978	-0.36872846	0.66535467	2.8965268	2.37426	-0.34220672	-1.1055437	-0.95245075	-0.80307955	-0.34448057	0.97342753	0.33141485	-0.4423163	-0.23108247	-0.34732184	0.15623349	-0.9351698	-0.2857835	0.5948059	0.69402504	-0.4663928	-0.25312617	0.30748713	0.34491652
-0.72145367	1.0200933	0.20599708	-0.7908236	-0.20000096	-0.36535996	-0.2790643	0.9862463	-0.1323686	-0.48878017	0.16825433	2.8994477	2.3800416	-0.2891103	-1.0613933	-0.9168271	-0.70096	-0.48109835	0.63295054	0.42420495	-0.45224503	-0.3762878	-0.32256252	-0.096794136	-0.92695475	-0.28784123	0.5513147	0.6488278	-0.22875723	-0.46427786	0.4288912	0.3353748
-0.7784188	1.5293231	0.21064262	-0.701111	-0.3163752	-0.3003884	-0.1679804	1.0663261	-0.11598574	-0.57104325	-0.20941417	2.7696102	2.265005	-0.24838617	-0.99858373	-0.85578936	-0.603068	-0.57783294	0.41040504	0.46728754	-0.44231206	-0.47335032	-0.2912681	-0.2618036	-0.9846527	-0.25683522	0.59012985	0.6514685	-0.003350029	-0.54966974	0.5116559	0.314073
-0.7077371	0.9305243	0.20429231	-0.8014223	-0.20629956	-0.41597575	-0.39600503	1.0003864	-0.15770821	-0.44276258	0.27716324	2.787098	2.4864094	-0.28290907	-1.0825418	-0.8692305	-0.7254868	-0.46689266	0.625292	0.42913777	-0.45082644	-0.39685526	-0.32038608	-0.025280146	-0.95203185	-0.3013773	0.55152327	0.67369646	-0.20711288	-0.39514577	0.37988964	0.36498487
-0.8368716	1.5159885	0.27159756	-0.65212965	-0.30574363	-0.32447037	-0.4173843	1.2035122	-0.28111008	-0.44722834	-0.09858501	2.4841368	2.4897518	-0.23578648	-1.0846083	-0.83613765	-0.6783798	-0.53025657	0.2906051	0.4658869	-0.47694686	-0.41304165	-0.2625728	-0.23413551	-0.8442255	-0.34658065	0.44143766	0.64813405	0.110604376	-0.46678576	0.5647519	0.3479249
-0.7908736	1.4820623	0.23249017	-0.6839046	-0.32018328	-0.3309879	-0.2927452	1.1154794	-0.22096783	-0.4915726	-0.11223131	2.65385	2.373937	-0.2464415	-1.0383561	-0.8513257	-0.6641297	-0.55305773	0.42846707	0.4498563	-0.4616675	-0.43102124	-0.28507906	-0.21488854	-0.93444234	-0.3070354	0.5356712	0.6750666	-0.02020464	-0.48578644	0.53470814	0.3409856
-0.7335945	0.9108282	0.21788506	-0.80951226	-0.2480174	-0.45622984	-0.4716246	1.0219177	-0.28795147	-0.3948188	0.35649994	2.6207607	2.5489845	-0.2790101	-1.0898129	-0.82649344	-0.7544553	-0.4711275	0.5997457	0.41500837	-0.44534123	-0.40640122	-0.31666228	0.04019635	-1.0025132	-0.3053683	0.6144992	0.73222387	-0.13827536	-0.30292645	0.36979875	0.37478763
-0.7879957	1.0670316	0.24089141	-0.7480702	-0.31308168	-0.44380152	-0.5657323	1.2445751	-0.1980641	-0.41043663	0.2711038	2.4233744	2.5635061	-0.2676561	-1.1055031	-0.8323787	-0.7854509	-0.50007993	0.48090866	0.45567414	-0.4551168	-0.40267932	-0.30070105	-0.006628771	-0.9588454	-0.29946274	0.5879311	0.70688206	-0.044939827	-0.3240654	0.43231717	0.37853825
-0.85165125	2.1287553	0.22401808	-0.47860143	-0.4554807	-0.15328704	-0.18663163	1.4091836	0.13990259	-0.695015	-0.5782727	2.349551	2.0246093	-0.1755506	-0.95501536	-0.7853972	-0.43737936	-0.67700446	-0.021118918	0.56326866	-0.45475757	-0.5434907	-0.21682647	-0.5023184	-0.9223026	-0.2119426	0.46976793	0.52624774	0.28388092	-0.68076414	0.62981695	0.27958274
-0.74154973	1.2802492	0.20797105	-0.7379149	-0.303509	-0.37743062	-0.31478205	1.0637327	-0.1642869	-0.4850853	0.031157859	2.7336812	2.383565	-0.26155302	-1.037322	-0.8510288	-0.68741065	-0.54202306	0.54810846	0.43387648	-0.45201114	-0.43361196	-0.3063722	-0.118315876	-0.98591834	-0.2857613	0.5898225	0.69648415	-0.13002989	-0.4537059	0.46530673	0.35036373
-0.6888905	0.71226037	0.20944056	-0.82521796	-0.21874695	-0.45775533	-0.45111206	1.0168589	-0.20614913	-0.4111342	0.44145745	2.7197795	2.4838712	-0.30017978	-1.1054443	-0.8791176	-0.7715454	-0.44653955	0.7263683	0.4086369	-0.4523518	-0.34560278	-0.32528508	0.09252741	-0.97511405	-0.2881418	0.590473	0.7114122	-0.28605378	-0.31392115	0.35572058	0.3706119
-0.7021245	0.778893	0.21103793	-0.81148195	-0.2593586	-0.46772882	-0.520995	1.09939	-0.16543008	-0.3968593	0.42653334	2.6148374	2.5359094	-0.2865479	-1.1133626	-0.8456213	-0.77584934	-0.45937747	0.65593165	0.42491752	-0.45457962	-0.37176424	-0.3189453	0.093601555	-0.9758406	-0.29109782	0.5835897	0.71298856	-0.23547	-0.3052672	0.35372972	0.38252226
-0.74069613	1.2591864	0.21038131	-0.74031126	-0.3058566	-0.37562048	-0.32109678	1.0715919	-0.1562624	-0.4834095	0.031880535	2.7387164	2.3812199	-0.26320747	-1.0456946	-0.8528053	-0.68867934	-0.53756994	0.55468684	0.4359723	-0.45423985	-0.42605817	-0.30298278	-0.11333356	-0.9766676	-0.28510943	0.58255637	0.6936545	-0.1422363	-0.4576918	0.47104904	0.3532199
-0.76237565	1.5467505	0.19332165	-0.68583196	-0.29420644	-0.25009027	-0.12473155	1.09978	0.05737317	-0.6111046	-0.26770484	2.882204	2.194356	-0.24850267	-0.9935695	-0.896282	-0.5766513	-0.5740868	0.38942015	0.4848053	-0.44616184	-0.45692083	-0.29605365	-0.31510597	-0.9206589	-0.24575703	0.51048756	0.57476664	-0.05318411	-0.61308557	0.51302	0.29636446
-0.80871654	1.3295858	0.24944748	-0.7133954	-0.29819047	-0.3783984	-0.43091366	1.1276486	-0.31566638	-0.40915287	0.059617154	2.5512533	2.5070581	-0.25064892	-1.0783554	-0.83698213	-0.7142141	-0.5108231	0.42362884	0.43727362	-0.46368492	-0.4077099	-0.28308585	-0.14623235	-0.91049004	-0.33809137	0.5117567	0.6961828	0.008109736	-0.4043787	0.50669765	0.36499667
-0.73364544	1.222729	0.20851804	-0.75157624	-0.30360812	-0.39537007	-0.3332389	1.0344403	-0.20426722	-0.4597293	0.07553098	2.7345836	2.4023097	-0.263281	-1.045457	-0.8379534	-0.6935834	-0.5317493	0.57579124	0.4222347	-0.4520971	-0.42853206	-0.30434385	-0.08709255	-0.99432325	-0.2915276	0.59345794	0.7162343	-0.14941695	-0.42915288	0.45479664	0.35974002
-0.74861646	0.94578457	0.21902753	-0.7805846	-0.31400615	-0.48960957	-0.5878864	1.1874384	-0.20628987	-0.40562657	0.37062573	2.3923862	2.6001697	-0.26677558	-1.100513	-0.78135186	-0.7756922	-0.5065231	0.5265983	0.45165476	-0.4468499	-0.44345862	-0.31715885	0.080281265	-1.0318489	-0.28764948	0.65038764	0.73527116	-0.05417533	-0.2635342	0.36471516	0.38967988
-0.767048	1.2875425	0.22177999	-0.70344573	-0.3998788	-0.43503883	-0.51025677	1.2735989	-0.1262987	-0.46346068	0.06611249	2.4155152	2.4694982	-0.24399482	-1.0731282	-0.7691889	-0.7249488	-0.569622	0.4573521	0.47231498	-0.4567817	-0.4633691	-0.28594452	-0.029567355	-1.0252159	-0.2732816	0.6217682	0.73948115	-0.035053954	-0.38761246	0.46315247	0.38604894
-0.79413354	1.5165912	0.22555567	-0.69163215	-0.32195243	-0.31261313	-0.21912134	1.0875094	-0.18007493	-0.5427008	-0.17745751	2.7105742	2.3123147	-0.24710846	-1.0185874	-0.8440252	-0.6184624	-0.5713841	0.39631832	0.4612446	-0.45072994	-0.45926172	-0.28169203	-0.24236706	-0.9730248	-0.27434313	0.5760201	0.67405695	0.011783122	-0.5256142	0.5224371	0.32291213
-0.7754124	1.3650255	0.22861458	-0.70671743	-0.32130077	-0.3574892	-0.35449523	1.1261821	-0.19987161	-0.47092324	-0.021874309	2.6543536	2.410228	-0.25399426	-1.0574946	-0.84866637	-0.6888169	-0.5363516	0.46845973	0.44870105	-0.46118248	-0.41944194	-0.2892803	-0.15514985	-0.9377543	-0.3044556	0.54161155	0.68322724	-0.062221162	-0.46192935	0.5089849	0.35152116
-0.7629289	1.2881695	0.21603425	-0.73909724	-0.28597122	-0.37143093	-0.30389708	1.0555574	-0.21292628	-0.50477785	0.048305567	2.7080045	2.4148824	-0.26498556	-1.0295504	-0.8610233	-0.68793964	-0.5402412	0.49819085	0.44241327	-0.4444852	-0.44217026	-0.3164919	-0.13622914	-0.9968218	-0.28162995	0.62628955	0.68440366	-0.052851725	-0.43654996	0.45141286	0.3292775
-0.671178	0.6592876	0.19480067	-0.84880763	-0.13881306	-0.44569162	-0.43910187	0.94665885	-0.1393515	-0.4221487	0.4690158	2.7934728	2.5142493	-0.3010114	-1.0948026	-0.8860827	-0.7539232	-0.42368075	0.72016186	0.4127538	-0.44523638	-0.37262276	-0.3415173	0.05731821	-0.9494806	-0.29342288	0.56926614	0.66104996	-0.2770023	-0.3411513	0.31480464	0.36662903
-0.81198514	1.6758958	0.24172224	-0.62773275	-0.3719108	-0.31592175	-0.32364842	1.1860527	-0.22015955	-0.5030049	-0.2366478	2.517599	2.35889	-0.22388254	-1.0284296	-0.8047687	-0.6336209	-0.58033454	0.30709338	0.46979606	-0.4636961	-0.46311122	-0.2642284	-0.26237276	-0.92733467	-0.30814186	0.51924425	0.6691928	0.09208349	-0.5033619	0.5734692	0.34122035
-0.8521463	2.1431398	0.22909082	-0.47840765	-0.4126103	-0.117853776	-0.06954649	1.3051745	0.05248796	-0.6986942	-0.58025604	2.4667876	2.002847	-0.18742806	-0.9389767	-0.8348006	-0.42009172	-0.6639601	0.0008775864	0.54228777	-0.4641244	-0.5193611	-0.22963825	-0.5520791	-0.88008165	-0.23733865	0.44074875	0.49739343	0.27400187	-0.6928103	0.6517351	0.24948403
-0.7935011	1.407995	0.23271075	-0.6617475	-0.4230101	-0.4166246	-0.579078	1.4043659	-0.03444657	-0.47852206	-0.0029599955	2.2788723	2.498004	-0.22579013	-1.0890344	-0.7428047	-0.71468896	-0.57650775	0.30876055	0.51082486	-0.46007764	-0.48143503	-0.27121854	-0.06898866	-0.9820702	-0.27319485	0.5709828	0.69521636	0.073432475	-0.41695675	0.47282904	0.38218632
-0.5985342	0.18408789	0.18142883	-0.9019736	-0.06461052	-0.4954062	-0.38908803	0.6848662	-0.40519658	-0.27749354	0.79065853	2.826507	2.4164011	-0.33647284	-1.1045034	-0.93158007	-0.8234374	-0.30478358	0.99311256	0.29515076	-0.4337418	-0.21782078	-0.35416934	0.19247988	-0.94413173	-0.31164336	0.59344137	0.710151	-0.47102398	-0.13490881	0.2650907	0.356501
-0.6734593	0.7139199	0.19865684	-0.8252191	-0.20931424	-0.44709146	-0.46407098	1.0396782	-0.12399321	-0.4186908	0.42657068	2.7409256	2.496984	-0.29777807	-1.104315	-0.8864351	-0.76770055	-0.44544196	0.7140329	0.42010725	-0.454483	-0.3516023	-0.33347195	0.07607028	-0.9434535	-0.29002196	0.5635263	0.6717171	-0.29528618	-0.33717376	0.35167193	0.37113276
-0.70087576	1.0232562	0.19213456	-0.79009503	-0.19062318	-0.36594862	-0.31443447	1.0030662	-0.02686234	-0.50116575	0.1663275	2.9068975	2.409798	-0.28443176	-1.0601357	-0.9070495	-0.69254553	-0.48009074	0.6060043	0.43909508	-0.44998246	-0.3995925	-0.3297127	-0.093388945	-0.91466117	-0.28241086	0.5248625	0.6203439	-0.22317196	-0.4825762	0.39584276	0.33475423
-0.7480875	1.0285612	0.22192423	-0.78350186	-0.25857443	-0.42596373	-0.42552537	1.041431	-0.27521455	-0.409746	0.26224414	2.668546	2.496079	-0.27748662	-1.0814265	-0.857994	-0.7433129	-0.4831779	0.5910066	0.4183743	-0.45245117	-0.3898828	-0.31209815	-0.026809368	-0.9687664	-0.3112439	0.5817408	0.71351284	-0.14280544	-0.3530468	0.4226849	0.36795446
-0.7445456	1.2636476	0.2113754	-0.73825425	-0.30020988	-0.37823653	-0.31174627	1.0497518	-0.19981098	-0.47434467	0.04557354	2.7369742	2.3889124	-0.26349175	-1.0396849	-0.85520965	-0.69435185	-0.5358409	0.5583127	0.4256327	-0.453006	-0.42254484	-0.3058483	-0.11523166	-0.98249584	-0.2917129	0.59089106	0.7023035	-0.13578068	-0.44250464	0.46959087	0.34915468
-0.7515429	1.2887001	0.215525	-0.73412865	-0.3035229	-0.36719793	-0.31121612	1.0707151	-0.18124846	-0.48055688	0.015360615	2.7331212	2.3823643	-0.26190755	-1.045214	-0.8574632	-0.68695825	-0.5360618	0.5377383	0.4345056	-0.45546958	-0.42183438	-0.3007639	-0.13210645	-0.96680486	-0.29164186	0.5744984	0.69114584	-0.124191046	-0.45936972	0.48226872	0.34986565
-0.7661879	1.5710243	0.20360361	-0.6908176	-0.2693153	-0.24758548	-0.056991417	0.9732721	-0.13803843	-0.5536762	-0.25806317	2.914243	2.2252975	-0.24575591	-0.99400824	-0.8920198	-0.573129	-0.5490861	0.42177302	0.44633022	-0.45367563	-0.43676522	-0.29296288	-0.3425712	-0.8968371	-0.29478472	0.48144683	0.5980959	-0.056383107	-0.5836923	0.534824	0.29860008
-0.74104923	1.1462196	0.21294029	-0.7605985	-0.23770714	-0.3642343	-0.274092	0.9945246	-0.22854371	-0.47462103	0.12540409	2.8265529	2.3828022	-0.2824036	-1.0462722	-0.91234577	-0.7102663	-0.50101423	0.6107778	0.41673332	-0.45326102	-0.3806341	-0.32110995	-0.11831716	-0.9446774	-0.29861623	0.57998323	0.670732	-0.17998779	-0.44177914	0.46370745	0.32977507
-0.8224604	1.9557372	0.21163987	-0.5573148	-0.4021236	-0.19013655	-0.2037752	1.3049711	0.12632848	-0.6534082	-0.47787398	2.5424707	2.132522	-0.19661014	-0.9740895	-0.8162823	-0.48627698	-0.63260144	0.08716256	0.5418131	-0.45085862	-0.52228326	-0.25093493	-0.43897605	-0.90194595	-0.23595987	0.4620986	0.5331546	0.19680372	-0.6575499	0.5808991	0.28598994
-0.69725895	0.8734007	0.2044414	-0.79344684	-0.25662503	-0.43857515	-0.45982844	1.0732096	-0.14075942	-0.42679387	0.33010784	2.6949513	2.49308	-0.28551507	-1.0957868	-0.85876375	-0.75514126	-0.47706193	0.6555621	0.4253998	-0.4563575	-0.38159683	-0.31928027	0.041624136	-0.96790916	-0.29001355	0.58600646	0.69920087	-0.24287204	-0.3609559	0.3815204	0.37106195
-0.76024574	1.2727911	0.22124715	-0.7348831	-0.30482996	-0.37723333	-0.35897163	1.0954502	-0.1926826	-0.46303257	0.044729307	2.6834266	2.4207056	-0.25963217	-1.0576088	-0.8475642	-0.6963432	-0.5296056	0.5179529	0.43832812	-0.45762318	-0.4218522	-0.29751998	-0.11985503	-0.95902276	-0.299712	0.56314963	0.69451207	-0.10231033	-0.4436014	0.47941568	0.35861573
-0.80793947	1.558862	0.2343515	-0.6352326	-0.40330783	-0.3603466	-0.492833	1.3780711	-0.005010867	-0.52561146	-0.14192154	2.3645008	2.4275537	-0.22265618	-1.056348	-0.7787144	-0.6731835	-0.58876646	0.2576544	0.5133893	-0.45766	-0.48486185	-0.2734662	-0.17048492	-0.9539968	-0.26703897	0.55113876	0.6538306	0.11589544	-0.48182854	0.5057561	0.35328564
-0.80772734	1.7459544	0.22941875	-0.613242	-0.40825018	-0.3173661	-0.33067724	1.233262	-0.14341617	-0.52574944	-0.2853346	2.4733334	2.319961	-0.2125748	-1.0094267	-0.78106624	-0.62050575	-0.60408455	0.27916083	0.4818555	-0.45674995	-0.4900487	-0.2631934	-0.2688477	-0.95922995	-0.28488323	0.544517	0.66962916	0.10601611	-0.5150212	0.56588167	0.3429418
-0.73607004	1.0279958	0.21697591	-0.76004	-0.30035684	-0.429327	-0.4826283	1.1797094	-0.12204175	-0.44721994	0.24658151	2.5909684	2.494248	-0.273835	-1.0925534	-0.85136044	-0.75608385	-0.5093223	0.57037187	0.44860598	-0.45853886	-0.39861768	-0.3111081	0.0061438656	-0.97169715	-0.28581002	0.5886585	0.6988543	-0.16376843	-0.3740333	0.41613564	0.36966804
-0.76160467	1.3335348	0.21708722	-0.7242612	-0.3330508	-0.39188316	-0.3704688	1.108775	-0.19817653	-0.46932814	0.023077808	2.6273923	2.4195094	-0.25133568	-1.0417749	-0.8199236	-0.6902902	-0.55203605	0.4972892	0.4394241	-0.45250127	-0.45059144	-0.29898962	-0.11359276	-0.99879456	-0.2907919	0.60077816	0.71385145	-0.064897746	-0.42854697	0.47201023	0.3603338
-0.8816416	1.4100575	0.31057262	-0.6482178	-0.25526717	-0.3414646	-0.50326943	1.2082833	-0.4306271	-0.36741593	0.02416915	2.385414	2.5951865	-0.24339159	-1.1218052	-0.8661601	-0.7373711	-0.48141843	0.24608202	0.44618434	-0.48305708	-0.3533713	-0.25063646	-0.22683477	-0.7626903	-0.3863611	0.37685338	0.6458504	0.17253634	-0.39970228	0.57915074	0.3517143
-0.75196147	1.038053	0.21804026	-0.79051334	-0.22568269	-0.41538095	-0.4073155	0.9778834	-0.3379581	-0.38947505	0.28152376	2.685995	2.538932	-0.2793486	-1.0700567	-0.8780435	-0.75242525	-0.45871502	0.5782114	0.40709853	-0.44674096	-0.37812486	-0.32664284	-0.0548762	-0.94694144	-0.3269886	0.57321644	0.69334865	-0.113446504	-0.33218864	0.41495985	0.35022205
-0.6147229	0.30016318	0.18656395	-0.89171124	-0.052143082	-0.45666188	-0.3840551	0.82373995	-0.18175621	-0.39955124	0.6542513	2.8906627	2.4304676	-0.33045718	-1.1083919	-0.93902403	-0.7849186	-0.35232198	0.9000445	0.3674253	-0.44124576	-0.27557027	-0.35116854	0.13223559	-0.9218895	-0.28178695	0.56418055	0.6535262	-0.43180048	-0.2857867	0.2651973	0.35572624
-0.85726106	1.5382516	0.2928546	-0.6266115	-0.28269675	-0.30098125	-0.38610137	1.1799049	-0.37465805	-0.44065285	-0.11605153	2.4848597	2.486335	-0.2393649	-1.0916916	-0.8628463	-0.67695564	-0.5208371	0.2738674	0.45562527	-0.48695195	-0.384184	-0.25389498	-0.26814705	-0.80363405	-0.36559728	0.41220966	0.64428645	0.13435547	-0.47119683	0.60151833	0.33353937
-0.7744003	1.005189	0.22743337	-0.8098376	-0.20356336	-0.40821502	-0.44901904	1.0325234	-0.2634127	-0.37691537	0.2807681	2.681331	2.5555544	-0.2682784	-1.0957799	-0.8634085	-0.7379565	-0.44894725	0.5380152	0.42428496	-0.45237777	-0.38016006	-0.30880675	-0.07306996	-0.90934896	-0.33319277	0.4957263	0.67685425	-0.10933069	-0.36543646	0.40941843	0.38033968
-0.70156974	0.684062	0.20778516	-0.83924514	-0.18726783	-0.4436798	-0.45367178	1.0034212	-0.2215199	-0.36916703	0.47427842	2.734138	2.500094	-0.30047134	-1.1128576	-0.90728796	-0.7947143	-0.41252905	0.73253787	0.39541376	-0.45256296	-0.30858287	-0.3277084	0.06200215	-0.92657983	-0.30652043	0.5459175	0.6916945	-0.30522206	-0.30643186	0.36049262	0.37134376
-0.8516405	1.766422	0.28439894	-0.5648419	-0.30564916	-0.23807831	-0.27913654	1.140767	-0.3549298	-0.5038594	-0.30573854	2.5171714	2.3821898	-0.21929942	-1.0630926	-0.8313683	-0.5684016	-0.55596054	0.17193253	0.4737452	-0.4942925	-0.42439547	-0.23725197	-0.36874324	-0.78580785	-0.364781	0.3681859	0.60314626	0.21515365	-0.5564622	0.65317285	0.30734688
-0.6864781	0.43798646	0.19917132	-0.8843349	-0.09977049	-0.45890447	-0.3965684	0.83876693	-0.34569007	-0.32690802	0.64094716	2.8053062	2.45976	-0.3200765	-1.098942	-0.95118934	-0.81957954	-0.34862947	0.8537751	0.34692764	-0.43488488	-0.25319898	-0.349919	0.08312695	-0.92959756	-0.3105207	0.5840158	0.68571645	-0.3707817	-0.21327555	0.31965095	0.36096686
-0.780912	1.3369449	0.22607589	-0.7009971	-0.35642666	-0.36931598	-0.3815845	1.2385607	-0.050491348	-0.55416733	-0.051199418	2.5934997	2.3694901	-0.2559623	-1.0520738	-0.83127135	-0.67252433	-0.5741554	0.42483696	0.49465802	-0.4508078	-0.45950708	-0.28436372	-0.13201198	-1.0001967	-0.24452636	0.6195044	0.68528837	-0.02371171	-0.48947483	0.48466706	0.34921992
-0.67276615	0.59501755	0.19920745	-0.84694904	-0.15458284	-0.4437022	-0.3931807	0.9054484	-0.2699675	-0.37564123	0.5160751	2.822403	2.4597437	-0.31377557	-1.1012065	-0.92971367	-0.7933887	-0.3948925	0.80305064	0.37109834	-0.44744816	-0.28661993	-0.33974212	0.07748369	-0.93326795	-0.30421925	0.5715171	0.6873865	-0.35195357	-0.28964296	0.34596586	0.35362875
-0.7145917	0.81950665	0.21144444	-0.8152747	-0.26353323	-0.4957887	-0.5367171	1.0162971	-0.32446218	-0.3482827	0.45846993	2.5221832	2.5984209	-0.27991295	-1.0949198	-0.8046871	-0.7834264	-0.46014106	0.63494766	0.40294477	-0.443799	-0.4072725	-0.32708502	0.10026333	-1.0232849	-0.31048644	0.6414367	0.74865216	-0.14601605	-0.2174511	0.3436044	0.38434276
-0.74444526	1.2600906	0.20363547	-0.73118496	-0.31798574	-0.38228005	-0.45171022	1.2182494	0.020814572	-0.5093299	0.06484468	2.626026	2.468386	-0.2519349	-1.0649413	-0.8308279	-0.68907875	-0.53594446	0.42669985	0.48705715	-0.452074	-0.4567487	-0.31008944	-0.08706245	-0.95607656	-0.2709914	0.5435546	0.6422877	-0.05776845	-0.46814346	0.41791266	0.35182488
-0.7649972	1.4518104	0.21609625	-0.6923072	-0.38839668	-0.4015857	-0.4277875	1.161768	-0.17438793	-0.45652473	-0.05679762	2.5348485	2.4356005	-0.23009111	-1.0469582	-0.7600574	-0.6696915	-0.56636727	0.41476074	0.4562664	-0.45294514	-0.4803125	-0.2823929	-0.11757303	-1.002793	-0.29177034	0.5729967	0.7207388	-0.0017545838	-0.42995244	0.48021337	0.3757251
-0.6356346	0.45310837	0.1886899	-0.8736602	-0.106982276	-0.45904303	-0.39690435	0.83397657	-0.25965977	-0.35714582	0.601565	2.8597872	2.4583974	-0.31800613	-1.1030707	-0.9207286	-0.78672385	-0.36853772	0.8553184	0.35569456	-0.44501	-0.28426743	-0.34493473	0.119004115	-0.9270662	-0.30374363	0.5539907	0.6851029	-0.40163127	-0.2731491	0.30068716	0.35857424
-0.7448174	1.0905901	0.21876967	-0.74707776	-0.32685563	-0.43928796	-0.5195993	1.1989511	-0.11758325	-0.44064292	0.21350116	2.5422742	2.5040407	-0.26490095	-1.0923485	-0.8157009	-0.7404497	-0.5197017	0.5245992	0.45495555	-0.4579131	-0.42642868	-0.30123034	-0.00020333003	-0.9839644	-0.28496617	0.58559054	0.70969385	-0.11087793	-0.37953824	0.4241298	0.38072798
-0.78161144	1.3800564	0.22157083	-0.71045035	-0.31935835	-0.37517375	-0.36917078	1.1043651	-0.22535898	-0.48401007	-0.0031123431	2.605586	2.4381957	-0.25379092	-1.0418534	-0.82178694	-0.6810233	-0.54855126	0.43382353	0.45549154	-0.44941998	-0.45717412	-0.29610157	-0.14249761	-0.98675823	-0.2910176	0.59772694	0.7000032	0.011458371	-0.44756988	0.48426816	0.343758
-0.74750555	1.2166593	0.21708308	-0.72761446	-0.35479006	-0.43040073	-0.4558715	1.1436658	-0.2020249	-0.44294322	0.114689015	2.5557928	2.4564054	-0.25833565	-1.0659302	-0.8021534	-0.7244956	-0.5437221	0.5376087	0.4393937	-0.45553914	-0.44111118	-0.29658467	-0.032534193	-1.0136687	-0.28678244	0.6214183	0.7392164	-0.09428719	-0.38546586	0.46045116	0.37747523
-0.70989925	0.92008674	0.20603284	-0.7855313	-0.26013863	-0.43690297	-0.47764134	1.1283077	-0.09667684	-0.4512365	0.32358438	2.65235	2.506831	-0.28231695	-1.0948533	-0.8619555	-0.7535463	-0.48868406	0.60840255	0.44406128	-0.45504898	-0.39526066	-0.3240876	0.03716465	-0.9714971	-0.2811251	0.58508825	0.6848024	-0.20050365	-0.3700254	0.3730507	0.3622656
-0.77882326	1.4328469	0.22047776	-0.69964916	-0.36105585	-0.3818002	-0.40283382	1.1747398	-0.1501915	-0.48551124	-0.052980248	2.5626087	2.4113069	-0.23981312	-1.0426787	-0.79430926	-0.6673361	-0.5676049	0.41568857	0.46325552	-0.4531041	-0.47242984	-0.28535482	-0.13871846	-0.99095803	-0.2834693	0.58135146	0.70430547	0.0022343667	-0.4606688	0.4912347	0.3632735
-0.8021269	1.4187163	0.23393488	-0.6354509	-0.49004963	-0.44285157	-0.63491327	1.51695	0.009962128	-0.48952174	-0.031448483	2.1151776	2.4535253	-0.21789135	-1.0975605	-0.6861788	-0.71783304	-0.6101703	0.2886501	0.5290181	-0.46220654	-0.5021374	-0.24897157	-0.023851722	-1.0255238	-0.24540733	0.6211183	0.73281074	0.091120295	-0.4093487	0.4977049	0.40377623
-0.6803918	0.44719476	0.20179774	-0.8722935	-0.13727258	-0.479033	-0.44637436	0.88900375	-0.33180052	-0.32225254	0.6552195	2.7301612	2.481918	-0.31775635	-1.1048117	-0.9289143	-0.8274011	-0.36722207	0.84590745	0.34883538	-0.4385158	-0.2641803	-0.3471325	0.12330434	-0.9554355	-0.30581188	0.60146546	0.7076734	-0.36356774	-0.18520513	0.31098598	0.36623937
-0.76942945	1.1155119	0.22509228	-0.7680375	-0.24337085	-0.40103182	-0.40406013	1.025043	-0.3110439	-0.40627894	0.21529303	2.6685362	2.5213969	-0.27307463	-1.0748149	-0.8682458	-0.73879594	-0.47675326	0.5348453	0.4198903	-0.4516406	-0.38764724	-0.31256643	-0.08149978	-0.9404573	-0.32490018	0.5572926	0.6958391	-0.08861634	-0.3687854	0.43922925	0.35145125
-0.7361309	1.0121142	0.21766832	-0.7530012	-0.35502136	-0.46362376	-0.57105744	1.2554377	-0.09448277	-0.4292356	0.27350637	2.4513366	2.5371928	-0.26352423	-1.111449	-0.7913783	-0.7607498	-0.51949346	0.5289873	0.46320194	-0.4598014	-0.42454526	-0.29963282	0.062328074	-1.0020404	-0.27786472	0.6040289	0.7249092	-0.12379879	-0.33986345	0.40011606	0.38993022
-0.7374607	1.1842405	0.21180546	-0.74641293	-0.31779122	-0.41449594	-0.4375247	1.0998627	-0.19117118	-0.43576822	0.13618998	2.6385136	2.4813669	-0.26037687	-1.067806	-0.8210039	-0.7164469	-0.5172756	0.5310501	0.43536836	-0.45397618	-0.42852864	-0.30504313	-0.045804493	-0.97916776	-0.29896328	0.57618827	0.7079743	-0.1085276	-0.39776024	0.43723476	0.3672125
-0.7595722	1.1396701	0.2219088	-0.7346229	-0.34970206	-0.43441463	-0.5197894	1.2825137	-0.06678521	-0.4861129	0.1766398	2.4602797	2.4913034	-0.26149985	-1.0909967	-0.8140909	-0.740953	-0.54665905	0.48826542	0.48307884	-0.45679158	-0.4418541	-0.3016882	-0.0021347897	-1.0078723	-0.26404163	0.61895907	0.7043929	-0.06703652	-0.38853195	0.42630386	0.37480822
-0.8275478	1.4569602	0.24800402	-0.6445086	-0.4499647	-0.43286845	-0.59349155	1.4305216	-0.094903536	-0.48096114	-0.06999148	2.1635764	2.453519	-0.22202127	-1.0852097	-0.6958604	-0.7005978	-0.6059108	0.29176465	0.5143391	-0.45963013	-0.5036222	-0.2451941	-0.08445288	-1.0197737	-0.25975332	0.61344194	0.74237853	0.1424799	-0.4154057	0.5235575	0.40577087
-0.65695757	0.5835546	0.1938422	-0.8491266	-0.14246872	-0.45235333	-0.4127335	0.9135139	-0.21757641	-0.39510447	0.54130256	2.805819	2.4858596	-0.31111202	-1.0950894	-0.9154507	-0.78300166	-0.40524644	0.7874616	0.37911966	-0.4462809	-0.3197592	-0.3484888	0.09528934	-0.9480542	-0.29694602	0.5876545	0.67896336	-0.34371123	-0.28854156	0.30973572	0.34978536
-0.6755493	0.6165911	0.20101793	-0.839387	-0.17341518	-0.45714054	-0.4515817	0.9904127	-0.19019814	-0.4014467	0.52378404	2.737393	2.4998174	-0.3077094	-1.1052016	-0.9084591	-0.79200923	-0.41892153	0.755947	0.39650157	-0.44908673	-0.32318646	-0.3422146	0.10151924	-0.95279443	-0.29155838	0.589601	0.68443966	-0.3182916	-0.28876147	0.32368407	0.35778975
-0.78608286	1.3726937	0.23304348	-0.6859461	-0.39221856	-0.4109783	-0.49777234	1.286999	-0.113208555	-0.47584355	-0.0047614896	2.4189448	2.4610283	-0.2368109	-1.0737721	-0.7705671	-0.70313007	-0.5710916	0.39561263	0.481451	-0.45819578	-0.46805847	-0.27563778	-0.09015512	-1.0011559	-0.27662674	0.590595	0.7206958	0.013384329	-0.4198406	0.47782105	0.3812902
-0.740443	1.1438664	0.21668094	-0.73911977	-0.37278643	-0.44747335	-0.5591825	1.2464246	-0.07166298	-0.43642166	0.1687887	2.4867105	2.5282457	-0.24924123	-1.1041627	-0.76582974	-0.7213719	-0.52575314	0.46025497	0.47617394	-0.4590351	-0.44939983	-0.28924936	0.012541358	-0.98554134	-0.285228	0.5578556	0.7096478	-0.073699966	-0.38318297	0.413028	0.39321396
-0.94556266	1.4861275	0.41302702	-0.5052636	-0.13990258	-0.23604253	-0.46018857	1.1476402	-0.7058199	-0.32419464	-0.07478701	2.2616866	2.665995	-0.2287039	-1.1850988	-0.94303054	-0.6961336	-0.44875407	0.015418478	0.41590223	-0.53946304	-0.24079268	-0.19932713	-0.37123013	-0.47753635	-0.46513376	0.13047831	0.54899997	0.38959217	-0.43586168	0.727876	0.28382298
-0.70476586	1.0185502	0.19223154	-0.78234464	-0.1615149	-0.3332713	-0.21213336	0.95090693	-0.05214449	-0.5360915	0.124385186	2.9924433	2.3309772	-0.29826415	-1.051531	-0.9447667	-0.6850829	-0.4836252	0.64047086	0.4377987	-0.4497139	-0.3789221	-0.3302462	-0.13820738	-0.9062426	-0.27288306	0.5496196	0.604787	-0.24659435	-0.5144387	0.42837617	0.31258914
